{
 "cells": [
  {
   "cell_type": "code",
   "execution_count": 1,
   "id": "defined-franklin",
   "metadata": {},
   "outputs": [],
   "source": [
    "import sys\n",
    "import pennylane as qml\n",
    "from pennylane import numpy as np\n",
    "from math import pi\n",
    "from sklearn import datasets\n",
    "import scipy\n",
    "import numpy as np\n",
    "import time\n",
    "import math"
   ]
  },
  {
   "cell_type": "code",
   "execution_count": 2,
   "id": "weekly-investing",
   "metadata": {},
   "outputs": [],
   "source": [
    "numQubits = 4\n",
    "depth = 9    ##using d = (D+1)*S\n",
    "d = 40"
   ]
  },
  {
   "cell_type": "code",
   "execution_count": 3,
   "id": "drawn-allowance",
   "metadata": {},
   "outputs": [],
   "source": [
    "dev = qml.device(\"default.qubit\", wires=numQubits)"
   ]
  },
  {
   "cell_type": "code",
   "execution_count": 4,
   "id": "typical-counter",
   "metadata": {},
   "outputs": [],
   "source": [
    "def add_layerRZ(data):\n",
    "    for i in range(numQubits):\n",
    "        qml.RZ(data[i], wires = i)\n",
    "\n",
    "def add_layerRZZ(data):\n",
    "    for i in range(0, numQubits-1):\n",
    "        for j in range(i+1, numQubits):\n",
    "            qml.CNOT(wires = [i, j])\n",
    "            qml.RZ((pi-data[i])*(pi-data[j]), wires = j)\n",
    "            qml.CNOT(wires = [i, j])\n",
    "\n",
    "def make_feature_map(data):\n",
    "    for i in range(numQubits):\n",
    "        qml.Hadamard(wires = i)\n",
    "    for i in range(2):\n",
    "        add_layerRZ(data)\n",
    "        add_layerRZZ(data)"
   ]
  },
  {
   "cell_type": "code",
   "execution_count": 5,
   "id": "suited-burke",
   "metadata": {},
   "outputs": [],
   "source": [
    "def add_cnots():\n",
    "    for i in range(0, numQubits-1):\n",
    "        for j in range(i+1, numQubits):\n",
    "            qml.CNOT(wires = [i, j])\n",
    "\n",
    "def add_layerRY(params):\n",
    "    for qubit in range(numQubits):\n",
    "        qml.RY(params[qubit], wires = qubit)\n",
    "        \n",
    "def make_variationalCircuit(params):\n",
    "    add_cnots()\n",
    "    add_layerRY(params)"
   ]
  },
  {
   "cell_type": "code",
   "execution_count": 6,
   "id": "dirty-bachelor",
   "metadata": {},
   "outputs": [],
   "source": [
    "def make_final_circuit(data, params, depth):\n",
    "    make_feature_map(data)\n",
    "    add_layerRY(params[0:numQubits])\n",
    "    for i in range(depth):\n",
    "        make_variationalCircuit(params[numQubits*(i+1):numQubits*(i+2)])"
   ]
  },
  {
   "cell_type": "code",
   "execution_count": 7,
   "id": "conventional-bleeding",
   "metadata": {},
   "outputs": [],
   "source": [
    "@qml.qnode(dev)\n",
    "def qnode(params):\n",
    "    make_final_circuit(data, params, depth)\n",
    "    return qml.expval(qml.PauliX(1))"
   ]
  },
  {
   "cell_type": "code",
   "execution_count": 8,
   "id": "multiple-margin",
   "metadata": {},
   "outputs": [],
   "source": [
    "@qml.qnode(dev)\n",
    "def fubini_qnode(data, params,depth):\n",
    "    make_final_circuit(data, params,depth)\n",
    "    return qml.state()"
   ]
  },
  {
   "cell_type": "code",
   "execution_count": 9,
   "id": "interpreted-training",
   "metadata": {},
   "outputs": [],
   "source": [
    "def fubini_calculate(data, params,depth):\n",
    "    fubini = np.zeros([d, d], dtype=np.float64)\n",
    "    base = np.conj(fubini_qnode(data,params,depth))\n",
    "    for i in range(d):\n",
    "        for j in range(d):\n",
    "            params[i] += np.pi/2\n",
    "            params[j] += np.pi/2\n",
    "            plusplus = np.abs(np.dot(base, fubini_qnode(data, params,depth))) ** 2\n",
    "            params[j] -= np.pi\n",
    "            plusminus = np.abs(np.dot(base, fubini_qnode(data, params,depth))) ** 2\n",
    "            params[i] -= np.pi\n",
    "            minusminus = np.abs(np.dot(base, fubini_qnode(data, params,depth))) ** 2\n",
    "            params[j] += np.pi\n",
    "            minusplus = np.abs(np.dot(base, fubini_qnode(data, params,depth))) ** 2\n",
    "            fubini[i, j] = (-plusplus-minusminus+plusminus+minusplus)/8\n",
    "            params[i] += np.pi/2\n",
    "            params[j] -= np.pi/2\n",
    "    return fubini"
   ]
  },
  {
   "cell_type": "code",
   "execution_count": 11,
   "id": "sweet-kenya",
   "metadata": {},
   "outputs": [],
   "source": [
    "fubini_matrices = []\n",
    "eigen_vals = []\n",
    "paramsV = []"
   ]
  },
  {
   "cell_type": "code",
   "execution_count": 12,
   "id": "european-research",
   "metadata": {},
   "outputs": [
    {
     "data": {
      "text/plain": [
       "array([0.09762701, 0.43037873, 0.20552675, 0.08976637])"
      ]
     },
     "execution_count": 12,
     "metadata": {},
     "output_type": "execute_result"
    }
   ],
   "source": [
    "np.random.seed(0)\n",
    "data = np.random.uniform(-1, 1, numQubits)\n",
    "data"
   ]
  },
  {
   "cell_type": "code",
   "execution_count": 13,
   "id": "breathing-campbell",
   "metadata": {},
   "outputs": [
    {
     "name": "stdout",
     "output_type": "stream",
     "text": [
      "0\n",
      "[-0.1526904   0.29178823 -0.12482558  0.783546    0.92732552 -0.23311696\n",
      "  0.58345008  0.05778984  0.13608912  0.85119328 -0.85792788 -0.8257414\n",
      " -0.95956321  0.66523969  0.5563135   0.7400243   0.95723668  0.59831713\n",
      " -0.07704128  0.56105835 -0.76345115  0.27984204 -0.71329343  0.88933783\n",
      "  0.04369664 -0.17067612 -0.47088878  0.54846738 -0.08769934  0.1368679\n",
      " -0.9624204   0.23527099  0.22419145  0.23386799  0.88749616  0.3636406\n",
      " -0.2809842  -0.12593609  0.39526239 -0.87954906]\n",
      "[[ 0.24865774 -0.02747065  0.05826672 ... -0.00247306 -0.08752646\n",
      "   0.1311694 ]\n",
      " [-0.02747065  0.22017842 -0.04298277 ... -0.02555453  0.06710449\n",
      "  -0.06362103]\n",
      " [ 0.05826672 -0.04298277  0.24569401 ... -0.02105647 -0.04541962\n",
      "   0.0376827 ]\n",
      " ...\n",
      " [-0.00247306 -0.02555453 -0.02105647 ...  0.23801952  0.05054704\n",
      "  -0.03936482]\n",
      " [-0.08752646  0.06710449 -0.04541962 ...  0.05054704  0.24999916\n",
      "  -0.13692381]\n",
      " [ 0.1311694  -0.06362103  0.0376827  ... -0.03936482 -0.13692381\n",
      "   0.24976203]]\n",
      "1\n",
      "[ 0.33353343  0.34127574 -0.57923488 -0.7421474  -0.3691433  -0.27257846\n",
      "  0.14039354 -0.12279697  0.97674768 -0.79591038 -0.58224649 -0.67738096\n",
      "  0.30621665 -0.49341679 -0.06737845 -0.51114882 -0.68206083 -0.77924972\n",
      "  0.31265918 -0.7236341  -0.60683528 -0.26254966  0.64198646 -0.80579745\n",
      "  0.67588981 -0.80780318  0.95291893 -0.0626976   0.95352218  0.20969104\n",
      "  0.47852716 -0.92162442 -0.43438607 -0.75960688 -0.4077196  -0.76254456\n",
      " -0.36403364 -0.17147401 -0.87170501  0.38494424]\n",
      "[[ 2.48657741e-01 -2.74706504e-02  5.82667159e-02 ...  3.82918312e-03\n",
      "   5.14237744e-02 -8.46850227e-02]\n",
      " [-2.74706504e-02  2.20178418e-01 -4.29827671e-02 ...  2.57071400e-02\n",
      "   6.47437859e-02 -2.24144842e-04]\n",
      " [ 5.82667159e-02 -4.29827671e-02  2.45694007e-01 ... -4.65892844e-02\n",
      "   1.97832186e-02  1.49237897e-02]\n",
      " ...\n",
      " [ 3.82918312e-03  2.57071400e-02 -4.65892844e-02 ...  2.48467265e-01\n",
      "   5.48286426e-02  1.94925357e-02]\n",
      " [ 5.14237744e-02  6.47437859e-02  1.97832186e-02 ...  5.48286426e-02\n",
      "   2.37620749e-01 -3.17279357e-02]\n",
      " [-8.46850227e-02 -2.24144842e-04  1.49237897e-02 ...  1.94925357e-02\n",
      "  -3.17279357e-02  2.49987857e-01]]\n",
      "2\n",
      "[ 0.13320291 -0.46922102  0.04649611 -0.81211898  0.15189299  0.8585924\n",
      " -0.3628621   0.33482076 -0.73640428  0.43265441 -0.42118781 -0.63361728\n",
      "  0.17302587 -0.95978491  0.65788006 -0.99060905  0.35563307 -0.45998405\n",
      "  0.47038804  0.92437709 -0.50249371  0.15231467  0.18408386  0.14450381\n",
      " -0.55383673  0.90549802 -0.10574924  0.69281734  0.39895855 -0.4051261\n",
      "  0.62759564 -0.20698852  0.76220639  0.16254575  0.76347072  0.38506318\n",
      "  0.45050856  0.00264876  0.91216727  0.2879804 ]\n",
      "[[ 0.24865774 -0.02747065  0.05826672 ... -0.01181167 -0.05536663\n",
      "  -0.06461956]\n",
      " [-0.02747065  0.22017842 -0.04298277 ... -0.04990189 -0.07533448\n",
      "  -0.07539146]\n",
      " [ 0.05826672 -0.04298277  0.24569401 ...  0.00381227 -0.01826262\n",
      "  -0.04083507]\n",
      " ...\n",
      " [-0.01181167 -0.04990189  0.00381227 ...  0.23723094  0.08977686\n",
      "   0.09153159]\n",
      " [-0.05536663 -0.07533448 -0.01826262 ...  0.08977686  0.24854319\n",
      "   0.14669666]\n",
      " [-0.06461956 -0.07539146 -0.04083507 ...  0.09153159  0.14669666\n",
      "   0.24958952]]\n",
      "3\n",
      "[-0.1522899   0.21278643 -0.9616136  -0.39685037  0.32034707 -0.41984479\n",
      "  0.23603086 -0.1424626  -0.72905187 -0.40343535  0.13992982  0.18174552\n",
      "  0.1486505   0.30640164  0.30420654 -0.13716313  0.79309319 -0.26487626\n",
      " -0.12827015  0.78384671  0.61238798  0.40777717 -0.79954623  0.83896523\n",
      "  0.4284826   0.99769401 -0.70110339  0.73625211 -0.67501413  0.23111913\n",
      " -0.75236003  0.69601646  0.61463792  0.13820148 -0.18563341 -0.86166601\n",
      "  0.39485755 -0.09291463  0.4441112   0.73276465]\n",
      "[[ 0.24865774 -0.02747065  0.05826672 ... -0.02017377 -0.02410956\n",
      "  -0.07694803]\n",
      " [-0.02747065  0.22017842 -0.04298277 ... -0.05973853  0.06607904\n",
      "   0.00280966]\n",
      " [ 0.05826672 -0.04298277  0.24569401 ... -0.02176407  0.02357333\n",
      "  -0.02984744]\n",
      " ...\n",
      " [-0.02017377 -0.05973853 -0.02176407 ...  0.24310926  0.02996656\n",
      "  -0.03087901]\n",
      " [-0.02410956  0.06607904  0.02357333 ...  0.02996656  0.23209275\n",
      "  -0.04600578]\n",
      " [-0.07694803  0.00280966 -0.02984744 ... -0.03087901 -0.04600578\n",
      "   0.2496977 ]]\n",
      "4\n",
      "[ 0.95104301  0.71160668 -0.97657183 -0.28004387  0.45998112 -0.65674065\n",
      "  0.04207321 -0.89132402 -0.60000695 -0.96295641  0.58739541 -0.55215062\n",
      " -0.30929664  0.85616259  0.4088288  -0.93632214 -0.67061169  0.2429568\n",
      "  0.15445718 -0.52421436  0.868428    0.22793191  0.07126561  0.17981995\n",
      "  0.46024406 -0.37611001 -0.20355788 -0.5803125  -0.62761399  0.88874478\n",
      "  0.47910159 -0.01908238 -0.54517074 -0.49128704 -0.88394168 -0.13116675\n",
      " -0.37640824  0.39268698 -0.24449632 -0.64079264]\n",
      "[[ 0.24865774 -0.02747065  0.05826672 ... -0.00276233 -0.08117308\n",
      "   0.01514959]\n",
      " [-0.02747065  0.22017842 -0.04298277 ... -0.09365153  0.01420667\n",
      "  -0.00107061]\n",
      " [ 0.05826672 -0.04298277  0.24569401 ...  0.00704929 -0.06186022\n",
      "  -0.01103322]\n",
      " ...\n",
      " [-0.00276233 -0.09365153  0.00704929 ...  0.24917016  0.0388388\n",
      "  -0.02724345]\n",
      " [-0.08117308  0.01420667 -0.06186022 ...  0.0388388   0.24468047\n",
      "  -0.02248829]\n",
      " [ 0.01514959 -0.00107061 -0.01103322 ... -0.02724345 -0.02248829\n",
      "   0.22884439]]\n",
      "5\n",
      "[-0.95064254 -0.86550074  0.35878555 -0.09260631  0.07315842  0.79334259\n",
      "  0.98067789 -0.56620603  0.32615641 -0.47335525 -0.958698    0.51675731\n",
      " -0.3599657  -0.23307221  0.17663423  0.66209691  0.25796369  0.74530131\n",
      " -0.45291593  0.59609367 -0.62872811  0.90558331  0.37497655 -0.56898465\n",
      "  0.89474118  0.46171161 -0.49211671 -0.57337605  0.03640143 -0.94867456\n",
      " -0.58505985 -0.15062906 -0.25166004 -0.07284915 -0.44474259  0.17356869\n",
      "  0.72771121 -0.76493629  0.03475821 -0.73586379]\n",
      "[[ 0.24865774 -0.02747065  0.05826672 ...  0.00438601  0.05531669\n",
      "  -0.0107502 ]\n",
      " [-0.02747065  0.22017842 -0.04298277 ...  0.01040256 -0.01422186\n",
      "  -0.02891597]\n",
      " [ 0.05826672 -0.04298277  0.24569401 ... -0.04255684  0.07858483\n",
      "  -0.06187549]\n",
      " ...\n",
      " [ 0.00438601  0.01040256 -0.04255684 ...  0.20797045 -0.11233574\n",
      "   0.03687331]\n",
      " [ 0.05531669 -0.01422186  0.07858483 ... -0.11233574  0.2485645\n",
      "   0.01271149]\n",
      " [-0.0107502  -0.02891597 -0.06187549 ...  0.03687331  0.01271149\n",
      "   0.2482567 ]]\n",
      "6\n",
      "[ 0.43371936 -0.20788059  0.13084262 -0.63344033 -0.71030448 -0.02388744\n",
      " -0.28877452  0.88086389  0.53065051  0.49732724  0.80743948 -0.83315513\n",
      "  0.10438494  0.16895214  0.92387276 -0.41570495 -0.51834244 -0.79941212\n",
      " -0.96714074  0.85905863  0.33983309  0.57030582 -0.43653979  0.17282033\n",
      " -0.87208947 -0.02874481  0.95499028  0.75301049 -0.3236821   0.92314031\n",
      " -0.53659675  0.89863764  0.88275541  0.59840517  0.26089587  0.74857593\n",
      " -0.41395943  0.69788711  0.23575338 -0.97352628]\n",
      "[[ 0.24865774 -0.02747065  0.05826672 ...  0.07347209 -0.04445517\n",
      "  -0.03789504]\n",
      " [-0.02747065  0.22017842 -0.04298277 ... -0.00992058 -0.01692564\n",
      "  -0.03763817]\n",
      " [ 0.05826672 -0.04298277  0.24569401 ... -0.07559696  0.04134454\n",
      "  -0.0850727 ]\n",
      " ...\n",
      " [ 0.07347209 -0.00992058 -0.07559696 ...  0.22492849  0.00610601\n",
      "   0.00546394]\n",
      " [-0.04445517 -0.01692564  0.04134454 ...  0.00610601  0.24993813\n",
      "   0.05286075]\n",
      " [-0.03789504 -0.03763817 -0.0850727  ...  0.00546394  0.05286075\n",
      "   0.24743618]]\n",
      "7\n",
      "[-0.30553296 -0.70371828  0.96365878 -0.04325939 -0.00521727  0.27894503\n",
      " -0.26283079 -0.72619946  0.64423547 -0.62030418  0.02263797 -0.55136594\n",
      " -0.80431103  0.72438303  0.94583898  0.92166932  0.813111    0.54809467\n",
      " -0.3337097  -0.83779722 -0.18551766 -0.53553172 -0.73502473 -0.89314564\n",
      "  0.45118873 -0.97714508  0.5411615  -0.70610671 -0.84095583 -0.82079393\n",
      "  0.34409561 -0.50926558 -0.15892107  0.11473758  0.72110235  0.45408853\n",
      " -0.45934419 -0.7370344  -0.88925136 -0.39680273]\n",
      "[[ 0.24865774 -0.02747065  0.05826672 ...  0.00758982 -0.03283609\n",
      "   0.00272411]\n",
      " [-0.02747065  0.22017842 -0.04298277 ...  0.00602113  0.06575779\n",
      "  -0.01319912]\n",
      " [ 0.05826672 -0.04298277  0.24569401 ...  0.05033314  0.04519377\n",
      "   0.04361054]\n",
      " ...\n",
      " [ 0.00758982  0.00602113  0.05033314 ...  0.22333741  0.03103405\n",
      "   0.0145226 ]\n",
      " [-0.03283609  0.06575779  0.04519377 ...  0.03103405  0.22738634\n",
      "  -0.01907977]\n",
      " [ 0.00272411 -0.01319912  0.04361054 ...  0.0145226  -0.01907977\n",
      "   0.24910092]]\n",
      "8\n",
      "[-0.4757637  -0.08771887  0.36656267  0.39125089 -0.43296231 -0.24014609\n",
      " -0.63769808  0.57709102 -0.88630385  0.39399448  0.55739079  0.55481512\n",
      " -0.48115487 -0.25237372  0.17519927 -0.4543562  -0.2582944  -0.60589144\n",
      " -0.08028823 -0.9107754   0.59959177 -0.84608711  0.0376703  -0.3863798\n",
      "  0.1550859   0.91886668  0.29114049 -0.92927513 -0.13919512  0.0200337\n",
      "  0.07235499  0.36278502 -0.4448078  -0.74227887 -0.21464865  0.91281145\n",
      " -0.62573822  0.80796791  0.0876119  -0.08617716]\n"
     ]
    },
    {
     "name": "stdout",
     "output_type": "stream",
     "text": [
      "[[ 0.24865774 -0.02747065  0.05826672 ...  0.02083021  0.03668536\n",
      "   0.0120363 ]\n",
      " [-0.02747065  0.22017842 -0.04298277 ... -0.05012893  0.04007257\n",
      "   0.05341168]\n",
      " [ 0.05826672 -0.04298277  0.24569401 ... -0.06766034  0.01712062\n",
      "   0.04702244]\n",
      " ...\n",
      " [ 0.02083021 -0.05012893 -0.06766034 ...  0.24943042 -0.01232814\n",
      "  -0.02892442]\n",
      " [ 0.03668536  0.04007257  0.01712062 ... -0.01232814  0.24508798\n",
      "   0.03702728]\n",
      " [ 0.0120363   0.05341168  0.04702244 ... -0.02892442  0.03702728\n",
      "   0.23877623]]\n",
      "9\n",
      "[ 0.76408282 -0.08279208  0.44833527 -0.20194936  0.80808879  0.38005004\n",
      "  0.39924411 -0.3445592   0.51355729  0.27212211 -0.51995945 -0.67892236\n",
      "  0.59278295  0.91833321 -0.08372235  0.18196833  0.71544529 -0.08555309\n",
      "  0.90374895  0.15150232  0.64153424  0.81768744  0.63104764 -0.68117107\n",
      "  0.25779688 -0.20313148 -0.8745741  -0.1519355  -0.48263187  0.69807662\n",
      " -0.93339075  0.91796544 -0.2892623  -0.28658622 -0.96734299 -0.62953535\n",
      " -0.197481    0.85858283 -0.80077014  0.89060307]\n",
      "[[ 0.24865774 -0.02747065  0.05826672 ... -0.04090535 -0.00378401\n",
      "  -0.03941378]\n",
      " [-0.02747065  0.22017842 -0.04298277 ...  0.1066572  -0.01557593\n",
      "   0.01523409]\n",
      " [ 0.05826672 -0.04298277  0.24569401 ... -0.01432383  0.01198132\n",
      "  -0.03421568]\n",
      " ...\n",
      " [-0.04090535  0.1066572  -0.01432383 ...  0.24387421  0.02748161\n",
      "   0.04783609]\n",
      " [-0.00378401 -0.01557593  0.01198132 ...  0.02748161  0.23466837\n",
      "   0.0352669 ]\n",
      " [-0.03941378  0.01523409 -0.03421568 ...  0.04783609  0.0352669\n",
      "   0.2137017 ]]\n",
      "10\n",
      "[ 0.73897706 -0.09167521 -0.34659824 -0.53451174  0.22892941 -0.93385082\n",
      " -0.96878787 -0.14240856 -0.86385185 -0.49611802 -0.55767817 -0.49361761\n",
      " -0.73788954 -0.97592755 -0.76903141  0.23696052  0.94851243  0.98069\n",
      " -0.18189181 -0.67409115  0.27752351 -0.01938931  0.97881955 -0.86939159\n",
      "  0.56646888 -0.42320301 -0.51716276  0.32500914 -0.50787363  0.33171824\n",
      "  0.03461703 -0.15182202  0.10937562 -0.42589696  0.41314941 -0.17028626\n",
      " -0.27890888  0.65731383  0.84993382 -0.90798538]\n",
      "[[ 0.24865774 -0.02747065  0.05826672 ... -0.06746601  0.08734113\n",
      "   0.03364349]\n",
      " [-0.02747065  0.22017842 -0.04298277 ...  0.04757653 -0.05950266\n",
      "  -0.00952171]\n",
      " [ 0.05826672 -0.04298277  0.24569401 ... -0.0566844  -0.00473002\n",
      "   0.01144282]\n",
      " ...\n",
      " [-0.06746601  0.04757653 -0.0566844  ...  0.21502627 -0.06374079\n",
      "  -0.07844465]\n",
      " [ 0.08734113 -0.05950266 -0.00473002 ... -0.06374079  0.22142336\n",
      "  -0.0029595 ]\n",
      " [ 0.03364349 -0.00952171  0.01144282 ... -0.07844465 -0.0029595\n",
      "   0.24951164]]\n",
      "11\n",
      "[-0.53474601 -0.30296126  0.62993296  0.97098286  0.93794341  0.80989669\n",
      " -0.40688747  0.98402249 -0.50115992 -0.78818769  0.90190522 -0.53315949\n",
      "  0.37953653 -0.88328728  0.4614182   0.76344042 -0.45512621 -0.24188621\n",
      " -0.25140763  0.49757652 -0.52438551 -0.6562938  -0.1014167  -0.39106319\n",
      "  0.67837824 -0.52451635  0.00477891  0.8851672   0.2679954   0.73457881\n",
      "  0.88041938  0.50152972  0.39915012  0.93593113  0.98880158 -0.09635663\n",
      " -0.85826044 -0.41441194 -0.69529059 -0.16502725]\n",
      "[[ 0.24865774 -0.02747065  0.05826672 ...  0.00401629  0.01583876\n",
      "   0.04990366]\n",
      " [-0.02747065  0.22017842 -0.04298277 ... -0.00529398  0.04323058\n",
      "  -0.07506584]\n",
      " [ 0.05826672 -0.04298277  0.24569401 ... -0.00651693 -0.01053352\n",
      "   0.03347253]\n",
      " ...\n",
      " [ 0.00401629 -0.00529398 -0.00651693 ...  0.18341377  0.01311366\n",
      "  -0.01557   ]\n",
      " [ 0.01583876  0.04323058 -0.01053352 ...  0.01311366  0.2467658\n",
      "  -0.09671773]\n",
      " [ 0.04990366 -0.07506584  0.03347253 ... -0.01557    -0.09671773\n",
      "   0.20539401]]\n",
      "12\n",
      "[-0.73742134  0.20823561 -0.23438388  0.79077177  0.93558934  0.0937698\n",
      " -0.45035286  0.18446084  0.79352232 -0.18653331  0.10415655 -0.45669446\n",
      " -0.0891117  -0.19657293 -0.50317307  0.01173277 -0.37923835 -0.25393027\n",
      "  0.04994088  0.50119005 -0.33298507  0.84831753  0.72463709 -0.90261941\n",
      " -0.49271495 -0.10772897 -0.79074422 -0.30304802  0.48019505  0.36102896\n",
      "  0.24476886  0.42105681 -0.59015263 -0.31660377  0.35248496  0.75846953\n",
      "  0.08735611 -0.4346007  -0.93952948  0.42067366]\n",
      "[[ 0.24865774 -0.02747065  0.05826672 ...  0.01768512 -0.01596921\n",
      "  -0.00713359]\n",
      " [-0.02747065  0.22017842 -0.04298277 ...  0.03246019  0.00332381\n",
      "   0.00160514]\n",
      " [ 0.05826672 -0.04298277  0.24569401 ... -0.05538198 -0.03953237\n",
      "   0.05728193]\n",
      " ...\n",
      " [ 0.01768512  0.03246019 -0.05538198 ...  0.24841383 -0.03964884\n",
      "  -0.04094472]\n",
      " [-0.01596921  0.00332381 -0.03953237 ... -0.03964884  0.2472234\n",
      "  -0.01012713]\n",
      " [-0.00713359  0.00160514  0.05728193 ... -0.04094472 -0.01012713\n",
      "   0.21469203]]\n",
      "13\n",
      "[-0.98423179 -0.25464186  0.06107443  0.84422292 -0.82101091 -0.18811536\n",
      " -0.9513736  -0.31477803  0.24446212 -0.4418641  -0.5805001  -0.76859353\n",
      "  0.15428049  0.39054001  0.34391428  0.89772204 -0.99459357  0.29439331\n",
      "  0.20078447  0.17747922  0.92554064 -0.96625665  0.39296486  0.6273573\n",
      "  0.01961439 -0.33207026  0.58168033 -0.80551415 -0.11592872  0.03990475\n",
      "  0.38791282 -0.81822854 -0.544481   -0.17939687  0.24658935  0.77392156\n",
      "  0.23765234 -0.73307706  0.96116027  0.74357147]\n",
      "[[ 0.24865774 -0.02747065  0.05826672 ... -0.03520834 -0.02194275\n",
      "   0.02694002]\n",
      " [-0.02747065  0.22017842 -0.04298277 ...  0.02750277 -0.00712565\n",
      "   0.0289425 ]\n",
      " [ 0.05826672 -0.04298277  0.24569401 ... -0.03030944 -0.02391213\n",
      "   0.0440133 ]\n",
      " ...\n",
      " [-0.03520834  0.02750277 -0.03030944 ...  0.24076114 -0.07393104\n",
      "  -0.10211803]\n",
      " [-0.02194275 -0.00712565 -0.02391213 ... -0.07393104  0.24858855\n",
      "   0.0282883 ]\n",
      " [ 0.02694002  0.0289425   0.0440133  ... -0.10211803  0.0282883\n",
      "   0.18084632]]\n",
      "14\n",
      "[ 0.00544152  0.84469596  0.08276159  0.84661214  0.65979474  0.93657282\n",
      "  0.83956562 -0.92793237 -0.65045599 -0.22173065  0.90428539 -0.39994216\n",
      " -0.67906471  0.77260933 -0.10721117  0.81575119 -0.67953907  0.32223502\n",
      " -0.11947249 -0.84702646  0.39292629 -0.50520249 -0.92076895 -0.8801114\n",
      " -0.87784293  0.81546591  0.47976784  0.79612471  0.34516462  0.05787986\n",
      " -0.39110727  0.9959245  -0.27562188 -0.0587021  -0.24350965  0.95905386\n",
      " -0.65068323 -0.344024    0.36069733 -0.87358476]\n",
      "[[ 0.24865774 -0.02747065  0.05826672 ... -0.00117103 -0.0855715\n",
      "  -0.01790382]\n",
      " [-0.02747065  0.22017842 -0.04298277 ... -0.10437262  0.02512236\n",
      "  -0.02827603]\n",
      " [ 0.05826672 -0.04298277  0.24569401 ...  0.01559335 -0.02756833\n",
      "  -0.05817889]\n",
      " ...\n",
      " [-0.00117103 -0.10437262  0.01559335 ...  0.24869082 -0.03683135\n",
      "  -0.01136078]\n",
      " [-0.0855715   0.02512236 -0.02756833 ... -0.03683135  0.24735826\n",
      "   0.01089505]\n",
      " [-0.01790382 -0.02827603 -0.05817889 ... -0.01136078  0.01089505\n",
      "   0.19704873]]\n",
      "15\n",
      "[ 0.21449875 -0.04470699 -0.43200005 -0.52317344  0.02902549 -0.26414484\n",
      " -0.08696022 -0.32504524  0.94098739 -0.73312114 -0.80639209 -0.31321654\n",
      "  0.1820538   0.31835294 -0.20548651  0.99855599 -0.29621401  0.44281334\n",
      "  0.27516539  0.62610773  0.95245133  0.77958731  0.52912395  0.39649696\n",
      " -0.32900366 -0.70462884 -0.87472799 -0.51619659 -0.13543704  0.04399255\n",
      "  0.54616711  0.91748185 -0.76535904 -0.78599172  0.17938945  0.49079615\n",
      "  0.69630076  0.87166416  0.96685248 -0.20039662]\n",
      "[[ 0.24865774 -0.02747065  0.05826672 ...  0.04107496 -0.052835\n",
      "   0.0427089 ]\n",
      " [-0.02747065  0.22017842 -0.04298277 ...  0.0258226   0.05123991\n",
      "   0.05100781]\n",
      " [ 0.05826672 -0.04298277  0.24569401 ...  0.0392822  -0.00958008\n",
      "   0.01813727]\n",
      " ...\n",
      " [ 0.04107496  0.0258226   0.0392822  ...  0.23983954  0.10151461\n",
      "   0.06776544]\n",
      " [-0.052835    0.05123991 -0.00958008 ...  0.10151461  0.22901365\n",
      "   0.05358355]\n",
      " [ 0.0427089   0.05100781  0.01813727 ...  0.06776544  0.05358355\n",
      "   0.2478379 ]]\n",
      "16\n",
      "[-0.23932963 -0.70438265  0.36986888  0.31352392  0.72412519 -0.80548401\n",
      " -0.00444618  0.16216386 -0.51688592 -0.66194919  0.71916167 -0.88293016\n",
      " -0.05875819 -0.768332   -0.08588248  0.95992465 -0.15258729  0.71424984\n",
      " -0.76536887 -0.45749585 -0.19241452 -0.20037572  0.34276696 -0.31056375\n",
      "  0.42753374  0.2783738  -0.20167771 -0.13647974  0.2290554  -0.85991562\n",
      "  0.64481348  0.30684232  0.45268493  0.073846   -0.77904578 -0.18992877\n",
      " -0.18925283 -0.35791402 -0.94009935  0.47450849]\n",
      "[[ 0.24865774 -0.02747065  0.05826672 ...  0.07655966  0.02411418\n",
      "  -0.03987669]\n",
      " [-0.02747065  0.22017842 -0.04298277 ...  0.00994643 -0.04831483\n",
      "  -0.00475599]\n",
      " [ 0.05826672 -0.04298277  0.24569401 ... -0.02620137 -0.01040029\n",
      "   0.0006375 ]\n",
      " ...\n",
      " [ 0.07655966  0.00994643 -0.02620137 ...  0.23311502  0.013994\n",
      "  -0.08654883]\n",
      " [ 0.02411418 -0.04831483 -0.01040029 ...  0.013994    0.24933353\n",
      "   0.01830419]\n",
      " [-0.03987669 -0.00475599  0.0006375  ... -0.08654883  0.01830419\n",
      "   0.23469672]]\n",
      "17\n",
      "[-0.78043108  0.21261627  0.40643499  0.26957265  0.9182845  -0.79340369\n",
      "  0.73433432 -0.94161953  0.06983371 -0.19151276  0.04836772 -0.26980025\n",
      " -0.61886617 -0.96175421  0.03629963  0.68555373 -0.25356809 -0.55427236\n",
      " -0.83893599 -0.82937815 -0.55720711 -0.79997188 -0.4699206  -0.86770108\n",
      " -0.86879027  0.71255236 -0.67575948  0.11936481  0.54691109 -0.08718087\n",
      " -0.69326224 -0.60080772 -0.13403159  0.05646818 -0.30111942  0.5629592\n",
      "  0.5020433   0.85442361 -0.9420949   0.79138258]\n"
     ]
    },
    {
     "name": "stdout",
     "output_type": "stream",
     "text": [
      "[[ 0.24865774 -0.02747065  0.05826672 ...  0.02468704 -0.01310729\n",
      "  -0.06014202]\n",
      " [-0.02747065  0.22017842 -0.04298277 ...  0.00450259 -0.01784849\n",
      "  -0.03862238]\n",
      " [ 0.05826672 -0.04298277  0.24569401 ...  0.00865975  0.03990334\n",
      "  -0.0185325 ]\n",
      " ...\n",
      " [ 0.02468704  0.00450259  0.00865975 ...  0.20446176  0.00753799\n",
      "  -0.06649623]\n",
      " [-0.01310729 -0.01784849  0.03990334 ...  0.00753799  0.24933691\n",
      "  -0.04966436]\n",
      " [-0.06014202 -0.03862238 -0.0185325  ... -0.06649623 -0.04966436\n",
      "   0.24997199]]\n",
      "18\n",
      "[-0.21486242  0.75674499  0.38156955  0.97469751  0.5185649  -0.27091075\n",
      "  0.00212635 -0.24722169 -0.27017633 -0.478191   -0.00805941  0.36347989\n",
      " -0.44531946  0.04875962 -0.76523941 -0.68030943 -0.90638729  0.94146289\n",
      " -0.9922793  -0.64284006  0.22573351 -0.8372608   0.76379301  0.43924032\n",
      "  0.93277994  0.01527109 -0.39919263  0.09900115  0.86163743  0.04152287\n",
      " -0.46558594  0.75479758 -0.2561625  -0.9972333  -0.50462996 -0.36353298\n",
      "  0.71755494 -0.08299367 -0.11082542 -0.32779547]\n",
      "[[ 0.24865774 -0.02747065  0.05826672 ...  0.00802971  0.03712828\n",
      "  -0.00651098]\n",
      " [-0.02747065  0.22017842 -0.04298277 ...  0.00586731 -0.00264039\n",
      "  -0.05203185]\n",
      " [ 0.05826672 -0.04298277  0.24569401 ...  0.04018169 -0.04282474\n",
      "  -0.0019961 ]\n",
      " ...\n",
      " [ 0.00802971  0.00586731  0.04018169 ...  0.23811271  0.11391038\n",
      "   0.0848587 ]\n",
      " [ 0.03712828 -0.00264039 -0.04282474 ...  0.11391038  0.22695025\n",
      "   0.09470618]\n",
      " [-0.00651098 -0.05203185 -0.0019961  ...  0.0848587   0.09470618\n",
      "   0.24769882]]\n",
      "19\n",
      "[ 0.76135625  0.89005355  0.98378066 -0.24651747  0.93229489  0.58375914\n",
      "  0.3513783  -0.51022104 -0.56708548 -0.66790435  0.84551322 -0.41184668\n",
      " -0.09381151 -0.01208433  0.55634319  0.68846992 -0.7218546  -0.14619128\n",
      "  0.68570978  0.63606661 -0.79517248 -0.6872333  -0.39160262 -0.84928186\n",
      " -0.15067399 -0.78476459  0.13643519 -0.50688612  0.19286613 -0.76494871\n",
      "  0.95176774  0.86512241 -0.21640612 -0.51564281 -0.49920357 -0.03321293\n",
      " -0.9200144   0.27941021 -0.18339418 -0.24518685]\n",
      "[[ 0.24865774 -0.02747065  0.05826672 ...  0.02425095  0.04438299\n",
      "  -0.02251759]\n",
      " [-0.02747065  0.22017842 -0.04298277 ...  0.01597216  0.03367264\n",
      "   0.04062076]\n",
      " [ 0.05826672 -0.04298277  0.24569401 ... -0.02607141 -0.00713274\n",
      "   0.02421181]\n",
      " ...\n",
      " [ 0.02425095  0.01597216 -0.02607141 ...  0.24640817 -0.05401009\n",
      "  -0.06310935]\n",
      " [ 0.04438299  0.03367264 -0.00713274 ... -0.05401009  0.23502609\n",
      "   0.07043627]\n",
      " [-0.02251759  0.04062076  0.02421181 ... -0.06310935  0.07043627\n",
      "   0.24355699]]\n",
      "20\n",
      "[ 0.61872994  0.41807092  0.90866763 -0.29612752  0.79508553  0.53993437\n",
      " -0.2851507   0.24333087 -0.42286008  0.74879983 -0.77514537 -0.57513128\n",
      " -0.63393342 -0.193948    0.49046592  0.0538149  -0.02464735 -0.99890807\n",
      " -0.14919655 -0.87289245 -0.5834935   0.86478788 -0.56920359  0.71667528\n",
      "  0.60578674 -0.68170753  0.21142391 -0.76867626  0.45577632  0.27492455\n",
      "  0.62387712 -0.0412309   0.82972618 -0.90130211 -0.41422287  0.43010519\n",
      " -0.16378158 -0.65409729 -0.78557851  0.63467822]\n",
      "[[ 0.24865774 -0.02747065  0.05826672 ...  0.03666729  0.01205987\n",
      "   0.06208201]\n",
      " [-0.02747065  0.22017842 -0.04298277 ... -0.00943895  0.04257484\n",
      "  -0.00787281]\n",
      " [ 0.05826672 -0.04298277  0.24569401 ... -0.05032529 -0.03147505\n",
      "  -0.01201996]\n",
      " ...\n",
      " [ 0.03666729 -0.00943895 -0.05032529 ...  0.20459493 -0.01909608\n",
      "  -0.08252886]\n",
      " [ 0.01205987  0.04257484 -0.03147505 ... -0.01909608  0.21547216\n",
      "   0.05055296]\n",
      " [ 0.06208201 -0.00787281 -0.01201996 ... -0.08252886  0.05055296\n",
      "   0.23407629]]\n",
      "21\n",
      "[-0.05371404  0.76456734  0.46657827 -0.18054759 -0.25297797  0.03127669\n",
      "  0.77811991  0.47455716 -0.98969407  0.3883157   0.83901481  0.42091152\n",
      " -0.64598844 -0.03296375 -0.71936796 -0.28200944  0.87423408  0.84661062\n",
      " -0.4343263  -0.32073791  0.20042574  0.92639459 -0.70439733 -0.48616671\n",
      "  0.74711365 -0.01621554  0.79792218 -0.6289642   0.06533717 -0.34746073\n",
      " -0.36691488 -0.10624607 -0.1338451  -0.28530624  0.82994154  0.46348837\n",
      "  0.45509398 -0.4201731   0.15541885  0.55835887]\n",
      "[[ 0.24865774 -0.02747065  0.05826672 ...  0.06690817 -0.01193592\n",
      "   0.00787859]\n",
      " [-0.02747065  0.22017842 -0.04298277 ...  0.00053911  0.04148369\n",
      "  -0.02037014]\n",
      " [ 0.05826672 -0.04298277  0.24569401 ...  0.09458329 -0.0450291\n",
      "  -0.07826311]\n",
      " ...\n",
      " [ 0.06690817  0.00053911  0.09458329 ...  0.2324196  -0.0438511\n",
      "  -0.06376682]\n",
      " [-0.01193592  0.04148369 -0.0450291  ... -0.0438511   0.24940252\n",
      "   0.09926759]\n",
      " [ 0.00787859 -0.02037014 -0.07826311 ... -0.06376682  0.09926759\n",
      "   0.2496358 ]]\n",
      "22\n",
      "[ 0.59118074 -0.31093908  0.54174551  0.47178779 -0.71698703  0.73189094\n",
      " -0.11735706 -0.0271791  -0.10326164  0.135692    0.24233849 -0.00364087\n",
      "  0.73357709  0.25546951 -0.1971441  -0.16661649  0.62167723 -0.30361611\n",
      " -0.57709041 -0.88123362  0.7520537   0.8370929  -0.75975964 -0.33105252\n",
      " -0.64925586 -0.76820306  0.79973349 -0.88624548  0.96097133 -0.80709828\n",
      "  0.7269413   0.13301221 -0.26416502 -0.31531525  0.51472829 -0.37085341\n",
      "  0.31463783  0.03465217 -0.03006871  0.80232434]\n",
      "[[ 0.24865774 -0.02747065  0.05826672 ... -0.01257736  0.06717136\n",
      "  -0.0469968 ]\n",
      " [-0.02747065  0.22017842 -0.04298277 ...  0.00122035 -0.03277316\n",
      "  -0.02820616]\n",
      " [ 0.05826672 -0.04298277  0.24569401 ... -0.01676463  0.09814824\n",
      "   0.01073715]\n",
      " ...\n",
      " [-0.01257736  0.00122035 -0.01676463 ...  0.23020359  0.01401374\n",
      "  -0.08657281]\n",
      " [ 0.06717136 -0.03277316  0.09814824 ...  0.01401374  0.23310789\n",
      "  -0.08258778]\n",
      " [-0.0469968  -0.02820616  0.01073715 ... -0.08657281 -0.08258778\n",
      "   0.24593794]]\n",
      "23\n",
      "[ 0.10929012  0.65372321  0.45114707 -0.92288551  0.54622011 -0.5662595\n",
      "  0.80629929 -0.91415162 -0.33385593 -0.80053411 -0.04882177  0.64004487\n",
      " -0.40362528 -0.69813021 -0.33946593  0.62776028 -0.71923208 -0.5452751\n",
      " -0.86229607  0.41142009 -0.20953351 -0.37832005  0.43725278 -0.32804492\n",
      "  0.45554255  0.63039879 -0.56467431  0.94763739 -0.6752841  -0.41831819\n",
      " -0.64040942 -0.30898869 -0.03987822  0.04435174  0.70721208  0.77889582\n",
      " -0.55979228  0.24578806 -0.77700789 -0.08206028]\n",
      "[[ 0.24865774 -0.02747065  0.05826672 ... -0.07126294  0.07724494\n",
      "   0.04111626]\n",
      " [-0.02747065  0.22017842 -0.04298277 ...  0.01116855  0.00986686\n",
      "   0.00540694]\n",
      " [ 0.05826672 -0.04298277  0.24569401 ... -0.03546384  0.1252071\n",
      "   0.00938895]\n",
      " ...\n",
      " [-0.07126294  0.01116855 -0.03546384 ...  0.21852592 -0.05752753\n",
      "   0.01718262]\n",
      " [ 0.07724494  0.00986686  0.1252071  ... -0.05752753  0.22363762\n",
      "  -0.02037141]\n",
      " [ 0.04111626  0.00540694  0.00938895 ...  0.01718262 -0.02037141\n",
      "   0.20313712]]\n",
      "24\n",
      "[-0.35533292 -0.36699851 -0.03483152  0.45965527 -0.86163468  0.75834668\n",
      "  0.46962755 -0.64700122  0.87832182  0.01262445  0.99961716 -0.60548105\n",
      "  0.0698164  -0.41950391 -0.39165289  0.18213076  0.84343813  0.61052771\n",
      "  0.4478828   0.11834756  0.84459701 -0.01527719  0.74766436  0.66796329\n",
      " -0.57232931  0.54245093 -0.97565769 -0.35434092 -0.54086511  0.01372592\n",
      "  0.47370632 -0.80464727  0.0298444   0.87682404 -0.5427069   0.35428229\n",
      "  0.18576054 -0.97987261 -0.04834761  0.41754078]\n",
      "[[ 0.24865774 -0.02747065  0.05826672 ...  0.00695038  0.0422581\n",
      "  -0.03303035]\n",
      " [-0.02747065  0.22017842 -0.04298277 ...  0.00054902  0.05772418\n",
      "  -0.11773277]\n",
      " [ 0.05826672 -0.04298277  0.24569401 ... -0.0501861  -0.00940765\n",
      "   0.01077379]\n",
      " ...\n",
      " [ 0.00695038  0.00054902 -0.0501861  ...  0.2089041   0.07132608\n",
      "  -0.01310221]\n",
      " [ 0.0422581   0.05772418 -0.00940765 ...  0.07132608  0.2275772\n",
      "  -0.07714806]\n",
      " [-0.03303035 -0.11773277  0.01077379 ... -0.01310221 -0.07714806\n",
      "   0.2389574 ]]\n",
      "25\n",
      "[-0.91204914  0.75904297  0.04016283 -0.9386779  -0.55117278  0.90735139\n",
      "  0.16463947 -0.78505486 -0.424911   -0.08659275 -0.95809986 -0.17676897\n",
      " -0.02108273 -0.51264425  0.177278    0.50648024 -0.52833155  0.2409998\n",
      "  0.27924449  0.8970806   0.55655233  0.69669054 -0.01916018 -0.62930283\n",
      "  0.99163059 -0.74128848 -0.05708536 -0.8638138   0.88770171  0.92984988\n",
      "  0.43877812 -0.30001431 -0.4912352  -0.46939335 -0.74541195  0.05161791\n",
      " -0.71636545 -0.36653867  0.25341295  0.45508722]\n",
      "[[ 0.24865774 -0.02747065  0.05826672 ... -0.10145    -0.00254439\n",
      "   0.00784894]\n",
      " [-0.02747065  0.22017842 -0.04298277 ... -0.02665605  0.02985066\n",
      "   0.041934  ]\n",
      " [ 0.05826672 -0.04298277  0.24569401 ...  0.03862483 -0.07597963\n",
      "   0.01438016]\n",
      " ...\n",
      " [-0.10145    -0.02665605  0.03862483 ...  0.23525755 -0.04144619\n",
      "  -0.03726746]\n",
      " [-0.00254439  0.02985066 -0.07597963 ... -0.04144619  0.16672741\n",
      "  -0.03543831]\n",
      " [ 0.00784894  0.041934    0.01438016 ... -0.03726746 -0.03543831\n",
      "   0.22001548]]\n",
      "26\n",
      "[-0.95145459 -0.13976803  0.30424919  0.70649195 -0.04935044  0.93841174\n",
      " -0.4687349  -0.97298259 -0.03249427 -0.48777241  0.64743534 -0.53445466\n",
      " -0.37874156  0.58245486  0.4302865   0.11610247  0.40989612 -0.16272627\n",
      " -0.9893799  -0.97728974  0.02244358 -0.83341804 -0.89784904  0.93103328\n",
      "  0.71800528 -0.69594555 -0.99867156  0.88333559 -0.4433494  -0.62820479\n",
      "  0.38301622 -0.78219252 -0.4707008   0.95018936  0.27892555  0.04135558\n",
      " -0.20416277  0.54900191 -0.71808505  0.9346756 ]\n"
     ]
    },
    {
     "name": "stdout",
     "output_type": "stream",
     "text": [
      "[[ 0.24865774 -0.02747065  0.05826672 ... -0.00660583  0.03648231\n",
      "  -0.01202595]\n",
      " [-0.02747065  0.22017842 -0.04298277 ... -0.0680993  -0.07990859\n",
      "  -0.00847958]\n",
      " [ 0.05826672 -0.04298277  0.24569401 ... -0.06723494  0.00930778\n",
      "  -0.02387435]\n",
      " ...\n",
      " [-0.00660583 -0.0680993  -0.06723494 ...  0.2072548   0.02101133\n",
      "   0.04145145]\n",
      " [ 0.03648231 -0.07990859  0.00930778 ...  0.02101133  0.21589946\n",
      "  -0.01577042]\n",
      " [-0.01202595 -0.00847958 -0.02387435 ...  0.04145145 -0.01577042\n",
      "   0.23930882]]\n",
      "27\n",
      "[ 0.72224602  0.23531397 -0.91418762  0.4017113   0.82656868  0.04915413\n",
      " -0.29155036 -0.75944531  0.50980221  0.7700437  -0.79949651  0.51796911\n",
      " -0.96587903  0.93410984  0.23011604  0.10487812 -0.40810033  0.85858334\n",
      " -0.46818875  0.65629323  0.97021736  0.56679329  0.03797984 -0.86785147\n",
      " -0.05517242 -0.12348811 -0.59440792 -0.15282473 -0.28448423 -0.67263148\n",
      " -0.11725171 -0.47440009  0.04412484 -0.92967988  0.81246284  0.63272861\n",
      "  0.10516267  0.70361717  0.92479015 -0.77895541]\n",
      "[[ 0.24865774 -0.02747065  0.05826672 ... -0.01206959 -0.0566993\n",
      "  -0.01608387]\n",
      " [-0.02747065  0.22017842 -0.04298277 ...  0.01361976  0.06175528\n",
      "   0.06685238]\n",
      " [ 0.05826672 -0.04298277  0.24569401 ... -0.09831857 -0.09136724\n",
      "   0.04841715]\n",
      " ...\n",
      " [-0.01206959  0.01361976 -0.09831857 ...  0.24942812  0.06399932\n",
      "  -0.02927099]\n",
      " [-0.0566993   0.06175528 -0.09136724 ...  0.06399932  0.2448728\n",
      "   0.06341786]\n",
      " [-0.01608387  0.06685238  0.04841715 ... -0.02927099  0.06341786\n",
      "   0.23607049]]\n",
      "28\n",
      "[ 0.26166362  0.995988    0.97577834  0.20664598 -0.74395826  0.16638566\n",
      " -0.99587073 -0.60217733  0.91224632 -0.33911885  0.27678021 -0.43828101\n",
      "  0.89564377  0.45711746 -0.34069768  0.58352284 -0.78366895 -0.21536212\n",
      " -0.55756374  0.36745289 -0.79510744 -0.20594834 -0.44670054  0.01268584\n",
      " -0.30020464  0.41282116 -0.95084595  0.26797384 -0.53885742 -0.46258194\n",
